xflr5 v6.61

 Calculated polar for: NACA 0012

 1 1 Reynolds number fixed          Mach number fixed         

 xtrf =   1.000 (top)        1.000 (bottom)
 Mach =   0.000     Re =     0.100 e 6     Ncrit =   9.000

  alpha     CL        CD       CDp       Cm    Top Xtr Bot Xtr   Cpmin    Chinge    XCp    
 ------- -------- --------- --------- -------- ------- ------- -------- --------- ---------
   0.000   0.0000   0.01697   0.01023  -0.0000  1.0000  1.0000  -0.4093   0.0000   0.0000   0.0000   0.3772
   0.500   0.1350   0.01658   0.00988  -0.0174  0.9694  1.0000  -0.5326   0.0000   0.0000   0.0000   0.3764
   1.000   0.2583   0.01573   0.00914  -0.0310  0.9305  1.0000  -0.6851   0.0000   0.0000   0.0000   0.3671
   1.500   0.3313   0.01491   0.00837  -0.0334  0.8725  1.0000  -0.8215   0.0000   0.0000   0.0000   0.3478
   2.000   0.3732   0.01447   0.00783  -0.0295  0.8058  1.0000  -0.9450   0.0000   0.0000   0.0000   0.3255
   2.500   0.4137   0.01431   0.00745  -0.0252  0.7393  1.0000  -1.0834   0.0000   0.0000   0.0000   0.3071
   3.000   0.4544   0.01441   0.00735  -0.0215  0.6677  1.0000  -1.2328   0.0000   0.0000   0.0000   0.2930
   3.500   0.4958   0.01473   0.00738  -0.0179  0.5967  1.0000  -1.4089   0.0000   0.0000   0.0000   0.2815
   4.000   0.5365   0.01519   0.00760  -0.0146  0.5208  1.0000  -1.5937   0.0000   0.0000   0.0000   0.2723
   4.500   0.5761   0.01587   0.00792  -0.0113  0.4437  1.0000  -1.7815   0.0000   0.0000   0.0000   0.2641
   5.000   0.6140   0.01677   0.00845  -0.0078  0.3632  1.0000  -1.9952   0.0000   0.0000   0.0000   0.2569
   5.500   0.6503   0.01800   0.00934  -0.0043  0.2832  1.0000  -2.2160   0.0000   0.0000   0.0000   0.2503
   6.000   0.6859   0.01969   0.01056  -0.0009  0.2179  1.0000  -2.4289   0.0000   0.0000   0.0000   0.2445
   6.500   0.7229   0.02149   0.01215   0.0023  0.1713  1.0000  -2.6385   0.0000   0.0000   0.0000   0.2396
   7.000   0.7624   0.02356   0.01408   0.0051  0.1418  1.0000  -2.8447   0.0000   0.0000   0.0000   0.2356
   7.500   0.8029   0.02616   0.01655   0.0074  0.1195  1.0000  -3.1056   0.0000   0.0000   0.0000   0.2327
   8.000   0.8449   0.02863   0.01925   0.0099  0.1057  1.0000  -3.3590   0.0000   0.0000   0.0000   0.2298
   8.500   0.8837   0.03206   0.02307   0.0124  0.0948  1.0000  -3.5811   0.0000   0.0000   0.0000   0.2270
   9.000   0.9192   0.03576   0.02694   0.0147  0.0853  1.0000  -3.8156   0.0000   0.0000   0.0000   0.2245
   9.500   0.9444   0.04041   0.03237   0.0185  0.0802  1.0000  -3.9437   0.0000   0.0000   0.0000   0.2205
  10.000   0.9651   0.04564   0.03816   0.0219  0.0765  1.0000  -4.0630   0.0000   0.0000   0.0000   0.2169
  10.500   0.9715   0.05221   0.04527   0.0256  0.0747  1.0000  -4.1132   0.0000   0.0000   0.0000   0.2127
  11.000   0.9579   0.05999   0.05360   0.0294  0.0739  1.0000  -4.0782   0.0000   0.0000   0.0000   0.2078
  11.500   0.6794   0.11429   0.10889  -0.0003  0.1224  1.0000  -2.1981   0.0000   0.0000   0.0000   0.2389
  12.000   0.7184   0.11354   0.10816   0.0061  0.1034  1.0000  -2.5348   0.0000   0.0000   0.0000   0.2291
  12.500   0.6458   0.14149   0.13595  -0.0141  0.1412  1.0000  -1.7856   0.0000   0.0000   0.0000   0.2597
  13.000   0.6788   0.15184   0.14639  -0.0115  0.1372  1.0000  -1.8966   0.0000   0.0000   0.0000   0.2545
  13.500   0.6415   0.15813   0.15257  -0.0217  0.1272  1.0000  -1.6535   0.0000   0.0000   0.0000   0.2705
  14.000   0.6796   0.16716   0.16164  -0.0184  0.1190  1.0000  -1.8019   0.0000   0.0000   0.0000   0.2635
  14.500   0.6567   0.17281   0.16722  -0.0270  0.1099  1.0000  -1.6171   0.0000   0.0000   0.0000   0.2767
  15.000   0.6923   0.18112   0.17559  -0.0250  0.1039  1.0000  -1.8147   0.0000   0.0000   0.0000   0.2712
  15.500   0.6868   0.18961   0.18401  -0.0305  0.1014  1.0000  -1.7108   0.0000   0.0000   0.0000   0.2790
  16.000   0.6855   0.19514   0.18950  -0.0364  0.0937  1.0000  -1.6324   0.0000   0.0000   0.0000   0.2870
  16.500   0.7071   0.20252   0.19691  -0.0372  0.0891  1.0000  -1.7379   0.0000   0.0000   0.0000   0.2858
  17.000   0.7386   0.21638   0.21086  -0.0364  0.0869  1.0000  -1.8826   0.0000   0.0000   0.0000   0.2821
  17.500   0.7224   0.21734   0.21169  -0.0465  0.0831  1.0000  -1.6529   0.0000   0.0000   0.0000   0.2964
  18.000   0.7360   0.22407   0.21846  -0.0502  0.0779  1.0000  -1.6596   0.0000   0.0000   0.0000   0.2995
  18.500   0.7631   0.23330   0.22776  -0.0495  0.0734  1.0000  -1.8160   0.0000   0.0000   0.0000   0.2955
  19.000   0.7654   0.23897   0.23336  -0.0568  0.0705  1.0000  -1.6715   0.0000   0.0000   0.0000   0.3040
  19.500   0.7783   0.24522   0.23962  -0.0616  0.0648  1.0000  -1.6244   0.0000   0.0000   0.0000   0.3082
  20.000   0.7968   0.25234   0.24676  -0.0638  0.0611  1.0000  -1.6764   0.0000   0.0000   0.0000   0.3083
  20.500   0.8260   0.26986   0.26433  -0.0621  0.0591  1.0000  -1.8162   0.0000   0.0000   0.0000   0.3029
  21.000   0.8262   0.26771   0.26212  -0.0719  0.0581  1.0000  -1.6144   0.0000   0.0000   0.0000   0.3136
  21.500   0.8395   0.27249   0.26693  -0.0782  0.0545  1.0000  -1.5809   0.0000   0.0000   0.0000   0.3189
  22.000   0.8555   0.27893   0.27338  -0.0823  0.0515  1.0000  -1.6289   0.0000   0.0000   0.0000   0.3210
  22.500   0.8723   0.28563   0.28011  -0.0856  0.0493  1.0000  -1.7083   0.0000   0.0000   0.0000   0.3221
  23.000   0.8919   0.29642   0.29095  -0.0866  0.0477  1.0000  -1.8576   0.0000   0.0000   0.0000   0.3201
  23.500   0.9092   0.31011   0.30465  -0.0891  0.0470  1.0000  -1.9217   0.0000   0.0000   0.0000   0.3202
  24.000   0.9179   0.30941   0.30393  -0.0973  0.0465  1.0000  -1.8235   0.0000   0.0000   0.0000   0.3270
  24.500   0.9314   0.31346   0.30798  -0.1042  0.0445  1.0000  -1.7584   0.0000   0.0000   0.0000   0.3319
  25.000   0.9463   0.32013   0.31470  -0.1090  0.0414  1.0000  -1.7620   0.0000   0.0000   0.0000   0.3341
  25.500   0.9616   0.32685   0.32146  -0.1126  0.0383  1.0000  -1.8241   0.0000   0.0000   0.0000   0.3348
  26.000   0.9792   0.34090   0.33558  -0.1129  0.0366  1.0000  -1.9814   0.0000   0.0000   0.0000   0.3320
  26.500   0.9914   0.34885   0.34351  -0.1182  0.0362  1.0000  -1.9131   0.0000   0.0000   0.0000   0.3348
  27.000   1.0030   0.34961   0.34426  -0.1266  0.0352  1.0000  -1.7565   0.0000   0.0000   0.0000   0.3405
  27.500   1.0172   0.35623   0.35091  -0.1322  0.0331  1.0000  -1.7020   0.0000   0.0000   0.0000   0.3431
  28.000   1.0309   0.36339   0.35810  -0.1370  0.0313  1.0000  -1.6924   0.0000   0.0000   0.0000   0.3448
  28.500   1.0442   0.37050   0.36526  -0.1416  0.0298  1.0000  -1.7002   0.0000   0.0000   0.0000   0.3462
  29.000   1.0572   0.37764   0.37244  -0.1460  0.0286  1.0000  -1.7266   0.0000   0.0000   0.0000   0.3473
  29.500   1.0697   0.38569   0.38053  -0.1497  0.0277  1.0000  -1.8008   0.0000   0.0000   0.0000   0.3477
  30.000   1.0832   0.40405   0.39896  -0.1503  0.0270  1.0000  -1.9617   0.0000   0.0000   0.0000   0.3454
  30.500   1.0942   0.41108   0.40598  -0.1558  0.0269  1.0000  -1.9701   0.0000   0.0000   0.0000   0.3476
  31.000   1.1048   0.41367   0.40861  -0.1626  0.0267  1.0000  -1.9494   0.0000   0.0000   0.0000   0.3508
  31.500   1.1162   0.41727   0.41223  -0.1694  0.0265  1.0000  -1.9262   0.0000   0.0000   0.0000   0.3538
  32.000   1.1282   0.42278   0.41778  -0.1757  0.0259  1.0000  -1.9077   0.0000   0.0000   0.0000   0.3562
  32.500   1.1399   0.42986   0.42490  -0.1812  0.0248  1.0000  -1.9080   0.0000   0.0000   0.0000   0.3579
  33.000   1.1508   0.43724   0.43233  -0.1864  0.0234  1.0000  -1.9189   0.0000   0.0000   0.0000   0.3593
  33.500   1.1611   0.44446   0.43959  -0.1915  0.0217  1.0000  -1.9425   0.0000   0.0000   0.0000   0.3604
  34.000   1.1707   0.45161   0.44680  -0.1963  0.0204  1.0000  -1.9797   0.0000   0.0000   0.0000   0.3614
  34.500   1.1796   0.45938   0.45462  -0.2006  0.0196  1.0000  -2.0337   0.0000   0.0000   0.0000   0.3619
  35.000   1.1873   0.47382   0.46912  -0.2028  0.0190  1.0000  -2.1431   0.0000   0.0000   0.0000   0.3609


