NACA_8416
upper
1.000000   0.000000
1.000064   0.000242
1.000006   0.000270
0.999830   0.000353
0.999537   0.000493
0.999127   0.000689
0.998600   0.000940
0.997955   0.001247
0.997194   0.001609
0.996316   0.002025
0.995322   0.002497
0.994211   0.003022
0.992984   0.003602
0.991640   0.004234
0.990181   0.004920
0.988606   0.005658
0.986916   0.006448
0.985111   0.007289
0.983191   0.008181
0.981156   0.009122
0.979008   0.010113
0.976746   0.011152
0.974370   0.012239
0.971881   0.013372
0.969280   0.014551
0.966567   0.015776
0.963742   0.017045
0.960806   0.018357
0.957760   0.019711
0.954603   0.021106
0.951337   0.022541
0.947963   0.024016
0.944479   0.025529
0.940889   0.027078
0.937191   0.028664
0.933387   0.030284
0.929477   0.031937
0.925462   0.033623
0.921344   0.035340
0.917122   0.037087
0.912797   0.038862
0.908371   0.040664
0.903844   0.042493
0.899217   0.044346
0.894491   0.046223
0.889667   0.048122
0.884746   0.050041
0.879728   0.051980
0.874615   0.053937
0.869409   0.055911
0.864109   0.057900
0.858717   0.059903
0.853234   0.061918
0.847662   0.063945
0.842001   0.065982
0.836253   0.068027
0.830418   0.070079
0.824499   0.072136
0.818496   0.074198
0.812410   0.076263
0.806244   0.078330
0.799998   0.080396
0.793673   0.082461
0.787272   0.084524
0.780795   0.086583
0.774244   0.088636
0.767621   0.090682
0.760926   0.092721
0.754162   0.094750
0.747329   0.096768
0.740430   0.098774
0.733467   0.100767
0.726439   0.102744
0.719351   0.104706
0.712202   0.106651
0.704995   0.108577
0.697731   0.110483
0.690413   0.112368
0.683041   0.114231
0.675618   0.116070
0.668145   0.117884
0.660624   0.119673
0.653058   0.121434
0.645447   0.123167
0.637794   0.124871
0.630101   0.126543
0.622369   0.128185
0.614601   0.129793
0.606798   0.131368
0.598963   0.132908
0.591097   0.134412
0.583202   0.135879
0.575281   0.137308
0.567335   0.138698
0.559367   0.140049
0.551378   0.141359
0.543371   0.142627
0.535348   0.143853
0.527311   0.145035
0.519261   0.146174
0.511202   0.147267
0.503135   0.148315
0.495062   0.149317
0.486986   0.150271
0.478909   0.151178
0.470833   0.152037
0.462760   0.152846
0.454693   0.153606
0.446633   0.154316
0.438583   0.154975
0.430545   0.155584
0.422521   0.156141
0.414514   0.156646
0.406526   0.157099
0.398498   0.157498
0.390222   0.157821
0.381970   0.158055
0.373744   0.158199
0.365548   0.158255
0.357384   0.158222
0.349256   0.158101
0.341165   0.157892
0.333115   0.157596
0.325108   0.157214
0.317147   0.156747
0.309236   0.156194
0.301376   0.155558
0.293570   0.154839
0.285821   0.154038
0.278132   0.153157
0.270506   0.152195
0.262944   0.151156
0.255450   0.150040
0.248026   0.148849
0.240675   0.147583
0.233398   0.146246
0.226199   0.144837
0.219080   0.143360
0.212044   0.141815
0.205092   0.140205
0.198227   0.138531
0.191450   0.136796
0.184766   0.135000
0.178174   0.133147
0.171678   0.131239
0.165280   0.129276
0.158981   0.127262
0.152783   0.125199
0.146689   0.123089
0.140699   0.120933
0.134816   0.118735
0.129042   0.116497
0.123378   0.114220
0.117826   0.111908
0.112387   0.109562
0.107063   0.107184
0.101854   0.104778
0.096763   0.102345
0.091791   0.099889
0.086939   0.097410
0.082208   0.094911
0.077599   0.092396
0.073114   0.089865
0.068752   0.087322
0.064516   0.084768
0.060407   0.082207
0.056424   0.079639
0.052569   0.077067
0.048842   0.074494
0.045245   0.071922
0.041777   0.069352
0.038440   0.066787
0.035234   0.064229
0.032159   0.061679
0.029216   0.059140
0.026405   0.056614
0.023727   0.054101
0.021181   0.051605
0.018769   0.049127
0.016490   0.046668
0.014344   0.044231
0.012332   0.041816
0.010454   0.039425
0.008709   0.037059
0.007098   0.034720
0.005621   0.032410
0.004277   0.030128
0.003067   0.027877
0.001990   0.025658
0.001046   0.023470
0.000236   0.021317
-0.000442   0.019197
-0.000988   0.017112
-0.001402   0.015063
-0.001683   0.013050
-0.001833   0.011073
-0.001853   0.009133
-0.001741   0.007231
-0.001500   0.005367
-0.001129   0.003540
-0.000629   0.001751
0.000000   0.000000
lower
0.000000   0.000000
0.000752   -0.001702
0.001622   -0.003343
0.002610   -0.004923
0.003715   -0.006443
0.004935   -0.007903
0.006272   -0.009303
0.007722   -0.010643
0.009287   -0.011924
0.010964   -0.013146
0.012754   -0.014310
0.014655   -0.015416
0.016666   -0.016464
0.018787   -0.017455
0.021016   -0.018389
0.023353   -0.019267
0.025796   -0.020090
0.028344   -0.020857
0.030997   -0.021571
0.033753   -0.022230
0.036611   -0.022837
0.039570   -0.023392
0.042629   -0.023894
0.045787   -0.024347
0.049042   -0.024749
0.052394   -0.025102
0.055840   -0.025407
0.059381   -0.025664
0.063014   -0.025874
0.066739   -0.026039
0.070553   -0.026160
0.074457   -0.026236
0.078449   -0.026270
0.082526   -0.026261
0.086689   -0.026212
0.090936   -0.026124
0.095266   -0.025996
0.099676   -0.025831
0.104167   -0.025629
0.108737   -0.025392
0.113384   -0.025121
0.118107   -0.024817
0.122906   -0.024481
0.127778   -0.024113
0.132723   -0.023717
0.137740   -0.023292
0.142826   -0.022840
0.147982   -0.022362
0.153205   -0.021860
0.158495   -0.021334
0.163851   -0.020786
0.169271   -0.020218
0.174754   -0.019630
0.180299   -0.019024
0.185905   -0.018401
0.191571   -0.017763
0.197296   -0.017111
0.203079   -0.016446
0.208919   -0.015770
0.214814   -0.015084
0.220764   -0.014390
0.226768   -0.013688
0.232825   -0.012981
0.238933   -0.012269
0.245093   -0.011555
0.251302   -0.010839
0.257560   -0.010122
0.263867   -0.009407
0.270220   -0.008695
0.276620   -0.007987
0.283065   -0.007284
0.289555   -0.006588
0.296088   -0.005901
0.302664   -0.005223
0.309282   -0.004556
0.315941   -0.003901
0.322640   -0.003261
0.329378   -0.002635
0.336154   -0.002026
0.342968   -0.001435
0.349818   -0.000863
0.356704   -0.000312
0.363625   0.000218
0.370579   0.000725
0.377566   0.001208
0.384585   0.001666
0.391635   0.002096
0.398714   0.002500
0.406093   0.002884
0.413557   0.003267
0.421045   0.003648
0.428554   0.004028
0.436084   0.004405
0.443633   0.004779
0.451199   0.005148
0.458781   0.005513
0.466376   0.005872
0.473984   0.006225
0.481603   0.006571
0.489230   0.006910
0.496865   0.007240
0.504505   0.007563
0.512149   0.007876
0.519796   0.008180
0.527442   0.008474
0.535088   0.008758
0.542730   0.009030
0.550367   0.009292
0.557998   0.009541
0.565620   0.009779
0.573232   0.010005
0.580832   0.010218
0.588418   0.010418
0.595989   0.010606
0.603542   0.010780
0.611076   0.010940
0.618589   0.011087
0.626079   0.011221
0.633544   0.011341
0.640983   0.011446
0.648393   0.011539
0.655773   0.011617
0.663120   0.011681
0.670434   0.011732
0.677712   0.011769
0.684952   0.011792
0.692153   0.011802
0.699312   0.011799
0.706429   0.011783
0.713500   0.011753
0.720524   0.011711
0.727499   0.011656
0.734425   0.011589
0.741297   0.011510
0.748116   0.011419
0.754878   0.011317
0.761583   0.011204
0.768228   0.011080
0.774811   0.010946
0.781332   0.010802
0.787787   0.010648
0.794176   0.010484
0.800497   0.010312
0.806747   0.010132
0.812925   0.009944
0.819030   0.009748
0.825059   0.009545
0.831011   0.009335
0.836885   0.009119
0.842678   0.008897
0.848390   0.008670
0.854017   0.008439
0.859560   0.008202
0.865016   0.007962
0.870383   0.007719
0.875660   0.007472
0.880846   0.007223
0.885939   0.006972
0.890938   0.006720
0.895841   0.006466
0.900646   0.006212
0.905352   0.005957
0.909959   0.005703
0.914464   0.005449
0.918865   0.005197
0.923163   0.004946
0.927355   0.004697
0.931441   0.004450
0.935418   0.004207
0.939286   0.003966
0.943044   0.003729
0.946690   0.003496
0.950224   0.003267
0.953643   0.003043
0.956948   0.002824
0.960137   0.002610
0.963209   0.002402
0.966164   0.002200
0.968999   0.002005
0.971715   0.001816
0.974311   0.001634
0.976785   0.001459
0.979137   0.001291
0.981367   0.001131
0.983472   0.000979
0.985454   0.000835
0.987311   0.000700
0.989042   0.000572
0.990647   0.000454
0.992126   0.000345
0.993478   0.000244
0.994702   0.000153
0.995798   0.000070
0.996767   -0.000002
0.997607   -0.000065
0.998318   -0.000119
0.998900   -0.000163
0.999353   -0.000197
0.999677   -0.000222
0.999871   -0.000237
0.999936   -0.000242
1.000000   0.000000
