NACA_9408
upper
1.000000   0.000000
0.999940   0.000025
0.999761   0.000100
0.999462   0.000225
0.999044   0.000400
0.998506   0.000624
0.997849   0.000898
0.997073   0.001221
0.996178   0.001593
0.995165   0.002014
0.994032   0.002484
0.992781   0.003001
0.991412   0.003566
0.989926   0.004178
0.988321   0.004837
0.986600   0.005542
0.984761   0.006292
0.982806   0.007087
0.980735   0.007927
0.978548   0.008811
0.976246   0.009737
0.973828   0.010706
0.971297   0.011716
0.968652   0.012767
0.965893   0.013857
0.963022   0.014987
0.960038   0.016155
0.956943   0.017360
0.953737   0.018601
0.950421   0.019878
0.946995   0.021189
0.943460   0.022533
0.939817   0.023909
0.936067   0.025317
0.932210   0.026754
0.928248   0.028221
0.924180   0.029715
0.920008   0.031237
0.915733   0.032783
0.911356   0.034354
0.906877   0.035949
0.902298   0.037565
0.897620   0.039202
0.892843   0.040859
0.887969   0.042533
0.882998   0.044225
0.877933   0.045933
0.872773   0.047655
0.867520   0.049390
0.862175   0.051137
0.856739   0.052895
0.851214   0.054662
0.845601   0.056438
0.839901   0.058219
0.834115   0.060007
0.828245   0.061798
0.822291   0.063592
0.816256   0.065388
0.810141   0.067184
0.803946   0.068979
0.797674   0.070772
0.791326   0.072561
0.784903   0.074345
0.778407   0.076122
0.771840   0.077893
0.765202   0.079655
0.758495   0.081406
0.751722   0.083147
0.744883   0.084875
0.737980   0.086589
0.731015   0.088289
0.723990   0.089973
0.716905   0.091639
0.709764   0.093288
0.702567   0.094916
0.695316   0.096525
0.688013   0.098111
0.680659   0.099675
0.673258   0.101215
0.665809   0.102730
0.658316   0.104219
0.650780   0.105681
0.643202   0.107116
0.635585   0.108521
0.627931   0.109897
0.620241   0.111242
0.612518   0.112555
0.604763   0.113836
0.596978   0.115084
0.589165   0.116297
0.581326   0.117476
0.573463   0.118619
0.565579   0.119725
0.557675   0.120795
0.549752   0.121826
0.541814   0.122819
0.533862   0.123774
0.525899   0.124688
0.517925   0.125562
0.509944   0.126396
0.501957   0.127188
0.493967   0.127938
0.485976   0.128647
0.477985   0.129313
0.469996   0.129936
0.462013   0.130516
0.454037   0.131052
0.446070   0.131544
0.438114   0.131993
0.430171   0.132397
0.422244   0.132757
0.414334   0.133072
0.406444   0.133343
0.398539   0.133569
0.390487   0.133723
0.382460   0.133793
0.374461   0.133780
0.366492   0.133683
0.358555   0.133504
0.350653   0.133243
0.342789   0.132901
0.334964   0.132479
0.327182   0.131978
0.319444   0.131399
0.311753   0.130743
0.304112   0.130011
0.296523   0.129204
0.288987   0.128324
0.281509   0.127373
0.274089   0.126351
0.266731   0.125260
0.259435   0.124102
0.252206   0.122878
0.245044   0.121591
0.237953   0.120242
0.230933   0.118832
0.223988   0.117364
0.217120   0.115839
0.210329   0.114260
0.203620   0.112629
0.196992   0.110947
0.190449   0.109217
0.183993   0.107441
0.177624   0.105621
0.171345   0.103759
0.165158   0.101857
0.159065   0.099919
0.153067   0.097945
0.147165   0.095939
0.141362   0.093903
0.135659   0.091838
0.130057   0.089748
0.124559   0.087635
0.119165   0.085500
0.113876   0.083347
0.108695   0.081178
0.103622   0.078995
0.098659   0.076801
0.093806   0.074597
0.089066   0.072387
0.084439   0.070172
0.079926   0.067954
0.075528   0.065737
0.071247   0.063523
0.067083   0.061313
0.063037   0.059109
0.059110   0.056915
0.055303   0.054731
0.051616   0.052561
0.048051   0.050406
0.044608   0.048269
0.041287   0.046151
0.038090   0.044053
0.035017   0.041979
0.032068   0.039930
0.029244   0.037908
0.026545   0.035914
0.023972   0.033950
0.021526   0.032019
0.019206   0.030120
0.017013   0.028256
0.014947   0.026428
0.013008   0.024639
0.011197   0.022888
0.009514   0.021177
0.007959   0.019507
0.006532   0.017880
0.005234   0.016297
0.004063   0.014758
0.003021   0.013264
0.002107   0.011816
0.001322   0.010416
0.000664   0.009062
0.000135   0.007757
-0.000267   0.006501
-0.000540   0.005293
-0.000687   0.004135
-0.000705   0.003026
-0.000597   0.001968
-0.000362   0.000959
0.000000   0.000000
lower
0.000000   0.000000
0.000485   -0.000903
0.001090   -0.001743
0.001815   -0.002522
0.002660   -0.003238
0.003623   -0.003893
0.004705   -0.004487
0.005904   -0.005020
0.007221   -0.005492
0.008655   -0.005905
0.010204   -0.006258
0.011870   -0.006552
0.013649   -0.006788
0.015543   -0.006966
0.017551   -0.007087
0.019671   -0.007153
0.021902   -0.007163
0.024245   -0.007118
0.026698   -0.007021
0.029260   -0.006870
0.031931   -0.006668
0.034709   -0.006415
0.037594   -0.006113
0.040584   -0.005763
0.043678   -0.005365
0.046877   -0.004921
0.050178   -0.004432
0.053580   -0.003900
0.057083   -0.003326
0.060685   -0.002710
0.064386   -0.002055
0.068183   -0.001362
0.072077   -0.000632
0.076066   0.000134
0.080148   0.000933
0.084323   0.001764
0.088589   0.002627
0.092946   0.003518
0.097391   0.004438
0.101924   0.005383
0.106544   0.006353
0.111249   0.007346
0.116039   0.008360
0.120911   0.009394
0.125865   0.010445
0.130899   0.011513
0.136013   0.012595
0.141204   0.013689
0.146473   0.014795
0.151816   0.015910
0.157234   0.017033
0.162725   0.018161
0.168288   0.019294
0.173921   0.020428
0.179623   0.021564
0.185394   0.022698
0.191231   0.023829
0.197133   0.024955
0.203100   0.026075
0.209131   0.027187
0.215223   0.028289
0.221375   0.029380
0.227587   0.030457
0.233858   0.031519
0.240185   0.032565
0.246568   0.033592
0.253006   0.034599
0.259497   0.035584
0.266040   0.036546
0.272635   0.037484
0.279279   0.038395
0.285972   0.039278
0.292712   0.040131
0.299498   0.040953
0.306329   0.041743
0.313205   0.042499
0.320122   0.043219
0.327081   0.043903
0.334080   0.044548
0.341119   0.045154
0.348194   0.045719
0.355307   0.046242
0.362454   0.046721
0.369635   0.047156
0.376849   0.047546
0.384094   0.047888
0.391370   0.048183
0.398674   0.048429
0.406174   0.048637
0.413737   0.048828
0.421322   0.049003
0.428928   0.049162
0.436553   0.049303
0.444196   0.049426
0.451855   0.049531
0.459528   0.049617
0.467213   0.049685
0.474909   0.049733
0.482614   0.049761
0.490326   0.049769
0.498043   0.049757
0.505763   0.049724
0.513486   0.049670
0.521208   0.049595
0.528928   0.049498
0.536645   0.049380
0.544356   0.049241
0.552060   0.049080
0.559754   0.048897
0.567438   0.048693
0.575108   0.048467
0.582764   0.048219
0.590404   0.047950
0.598025   0.047659
0.605625   0.047346
0.613204   0.047013
0.620759   0.046658
0.628288   0.046283
0.635789   0.045887
0.643261   0.045470
0.650701   0.045034
0.658108   0.044578
0.665480   0.044102
0.672815   0.043608
0.680112   0.043095
0.687368   0.042564
0.694581   0.042015
0.701751   0.041449
0.708874   0.040867
0.715949   0.040268
0.722975   0.039654
0.729950   0.039025
0.736871   0.038381
0.743737   0.037724
0.750546   0.037053
0.757297   0.036370
0.763987   0.035675
0.770615   0.034969
0.777180   0.034252
0.783679   0.033526
0.790111   0.032791
0.796474   0.032047
0.802766   0.031296
0.808986   0.030538
0.815133   0.029774
0.821203   0.029004
0.827197   0.028231
0.833112   0.027453
0.838946   0.026673
0.844698   0.025890
0.850367   0.025107
0.855951   0.024322
0.861449   0.023538
0.866858   0.022755
0.872179   0.021974
0.877408   0.021196
0.882544   0.020421
0.887587   0.019651
0.892535   0.018885
0.897386   0.018126
0.902140   0.017373
0.906794   0.016627
0.911347   0.015890
0.915799   0.015161
0.920148   0.014442
0.924393   0.013734
0.928532   0.013036
0.932564   0.012351
0.936489   0.011677
0.940305   0.011017
0.944012   0.010371
0.947607   0.009740
0.951090   0.009123
0.954460   0.008522
0.957716   0.007938
0.960858   0.007370
0.963883   0.006820
0.966792   0.006288
0.969584   0.005775
0.972257   0.005281
0.974811   0.004806
0.977245   0.004352
0.979559   0.003918
0.981751   0.003505
0.983822   0.003113
0.985770   0.002743
0.987595   0.002395
0.989297   0.002070
0.990875   0.001767
0.992328   0.001488
0.993656   0.001232
0.994859   0.000999
0.995936   0.000791
0.996888   0.000606
0.997713   0.000446
0.998411   0.000310
0.998983   0.000198
0.999428   0.000112
0.999746   0.000050
0.999936   0.000012
1.000000   0.000000
