NACA_0012
upper
1.000000   0.000000
1.000000   0.000250
0.999938   0.000259
0.999753   0.000286
0.999445   0.000331
0.999013   0.000393
0.998459   0.000473
0.997781   0.000572
0.996980   0.000687
0.996057   0.000821
0.995012   0.000971
0.993844   0.001140
0.992555   0.001325
0.991144   0.001528
0.989611   0.001747
0.987958   0.001984
0.986185   0.002237
0.984292   0.002506
0.982279   0.002792
0.980147   0.003094
0.977897   0.003412
0.975528   0.003745
0.973043   0.004094
0.970440   0.004458
0.967722   0.004837
0.964888   0.005231
0.961940   0.005639
0.958877   0.006062
0.955702   0.006498
0.952413   0.006948
0.949014   0.007411
0.945503   0.007887
0.941883   0.008376
0.938153   0.008878
0.934316   0.009391
0.930371   0.009916
0.926320   0.010453
0.922164   0.011001
0.917904   0.011559
0.913540   0.012129
0.909075   0.012708
0.904508   0.013297
0.899842   0.013896
0.895078   0.014503
0.890215   0.015120
0.885257   0.015745
0.880203   0.016378
0.875056   0.017019
0.869816   0.017667
0.864484   0.018322
0.859063   0.018984
0.853553   0.019652
0.847956   0.020326
0.842274   0.021006
0.836506   0.021691
0.830656   0.022381
0.824724   0.023075
0.818712   0.023774
0.812621   0.024476
0.806454   0.025182
0.800210   0.025891
0.793893   0.026603
0.787503   0.027317
0.781042   0.028034
0.774511   0.028751
0.767913   0.029471
0.761249   0.030191
0.754521   0.030911
0.747729   0.031632
0.740877   0.032353
0.733965   0.033073
0.726995   0.033792
0.719970   0.034510
0.712890   0.035226
0.705757   0.035940
0.698574   0.036652
0.691342   0.037361
0.684062   0.038067
0.676737   0.038769
0.669369   0.039467
0.661959   0.040161
0.654508   0.040850
0.647020   0.041534
0.639496   0.042212
0.631937   0.042884
0.624345   0.043550
0.616723   0.044209
0.609072   0.044860
0.601394   0.045505
0.593691   0.046141
0.585965   0.046768
0.578217   0.047387
0.570451   0.047996
0.562667   0.048595
0.554867   0.049185
0.547054   0.049763
0.539230   0.050331
0.531395   0.050887
0.523553   0.051431
0.515705   0.051962
0.507854   0.052481
0.500000   0.052987
0.492146   0.053478
0.484295   0.053956
0.476447   0.054419
0.468605   0.054867
0.460770   0.055299
0.452946   0.055715
0.445133   0.056116
0.437333   0.056499
0.429549   0.056865
0.421783   0.057214
0.414035   0.057544
0.406309   0.057856
0.398606   0.058150
0.390928   0.058424
0.383277   0.058678
0.375655   0.058912
0.368063   0.059127
0.360504   0.059320
0.352980   0.059492
0.345491   0.059643
0.338041   0.059772
0.330631   0.059879
0.323263   0.059964
0.315938   0.060026
0.308658   0.060066
0.301426   0.060082
0.294243   0.060074
0.287110   0.060043
0.280030   0.059988
0.273005   0.059909
0.266035   0.059806
0.259123   0.059678
0.252271   0.059526
0.245479   0.059349
0.238751   0.059147
0.232087   0.058921
0.225489   0.058669
0.218958   0.058392
0.212497   0.058090
0.206107   0.057763
0.199790   0.057411
0.193546   0.057034
0.187379   0.056632
0.181288   0.056204
0.175276   0.055752
0.169344   0.055275
0.163494   0.054773
0.157726   0.054246
0.152044   0.053695
0.146447   0.053119
0.140937   0.052520
0.135516   0.051896
0.130184   0.051249
0.124944   0.050578
0.119797   0.049883
0.114743   0.049166
0.109785   0.048426
0.104922   0.047664
0.100158   0.046879
0.095492   0.046073
0.090925   0.045245
0.086460   0.044395
0.082096   0.043525
0.077836   0.042635
0.073680   0.041724
0.069629   0.040793
0.065684   0.039843
0.061847   0.038874
0.058117   0.037886
0.054497   0.036880
0.050986   0.035856
0.047586   0.034815
0.044298   0.033756
0.041123   0.032681
0.038060   0.031589
0.035112   0.030482
0.032278   0.029358
0.029560   0.028220
0.026957   0.027067
0.024472   0.025899
0.022103   0.024718
0.019853   0.023522
0.017721   0.022314
0.015708   0.021092
0.013815   0.019857
0.012042   0.018610
0.010389   0.017351
0.008856   0.016081
0.007445   0.014798
0.006156   0.013505
0.004988   0.012200
0.003943   0.010885
0.003020   0.009559
0.002219   0.008223
0.001541   0.006877
0.000987   0.005521
0.000555   0.004155
0.000247   0.002779
0.000062   0.001394
0.000000   0.000000
lower
0.000000   0.000000
0.000062   -0.001394
0.000247   -0.002779
0.000555   -0.004155
0.000987   -0.005521
0.001541   -0.006877
0.002219   -0.008223
0.003020   -0.009559
0.003943   -0.010885
0.004988   -0.012200
0.006156   -0.013505
0.007445   -0.014798
0.008856   -0.016081
0.010389   -0.017351
0.012042   -0.018610
0.013815   -0.019857
0.015708   -0.021092
0.017721   -0.022314
0.019853   -0.023522
0.022103   -0.024718
0.024472   -0.025899
0.026957   -0.027067
0.029560   -0.028220
0.032278   -0.029358
0.035112   -0.030482
0.038060   -0.031589
0.041123   -0.032681
0.044298   -0.033756
0.047586   -0.034815
0.050986   -0.035856
0.054497   -0.036880
0.058117   -0.037886
0.061847   -0.038874
0.065684   -0.039843
0.069629   -0.040793
0.073680   -0.041724
0.077836   -0.042635
0.082096   -0.043525
0.086460   -0.044395
0.090925   -0.045245
0.095492   -0.046073
0.100158   -0.046879
0.104922   -0.047664
0.109785   -0.048426
0.114743   -0.049166
0.119797   -0.049883
0.124944   -0.050578
0.130184   -0.051249
0.135516   -0.051896
0.140937   -0.052520
0.146447   -0.053119
0.152044   -0.053695
0.157726   -0.054246
0.163494   -0.054773
0.169344   -0.055275
0.175276   -0.055752
0.181288   -0.056204
0.187379   -0.056632
0.193546   -0.057034
0.199790   -0.057411
0.206107   -0.057763
0.212497   -0.058090
0.218958   -0.058392
0.225489   -0.058669
0.232087   -0.058921
0.238751   -0.059147
0.245479   -0.059349
0.252271   -0.059526
0.259123   -0.059678
0.266035   -0.059806
0.273005   -0.059909
0.280030   -0.059988
0.287110   -0.060043
0.294243   -0.060074
0.301426   -0.060082
0.308658   -0.060066
0.315938   -0.060026
0.323263   -0.059964
0.330631   -0.059879
0.338041   -0.059772
0.345491   -0.059643
0.352980   -0.059492
0.360504   -0.059320
0.368063   -0.059127
0.375655   -0.058912
0.383277   -0.058678
0.390928   -0.058424
0.398606   -0.058150
0.406309   -0.057856
0.414035   -0.057544
0.421783   -0.057214
0.429549   -0.056865
0.437333   -0.056499
0.445133   -0.056116
0.452946   -0.055715
0.460770   -0.055299
0.468605   -0.054867
0.476447   -0.054419
0.484295   -0.053956
0.492146   -0.053478
0.500000   -0.052987
0.507854   -0.052481
0.515705   -0.051962
0.523553   -0.051431
0.531395   -0.050887
0.539230   -0.050331
0.547054   -0.049763
0.554867   -0.049185
0.562667   -0.048595
0.570451   -0.047996
0.578217   -0.047387
0.585965   -0.046768
0.593691   -0.046141
0.601394   -0.045505
0.609072   -0.044860
0.616723   -0.044209
0.624345   -0.043550
0.631937   -0.042884
0.639496   -0.042212
0.647020   -0.041534
0.654508   -0.040850
0.661959   -0.040161
0.669369   -0.039467
0.676737   -0.038769
0.684062   -0.038067
0.691342   -0.037361
0.698574   -0.036652
0.705757   -0.035940
0.712890   -0.035226
0.719970   -0.034510
0.726995   -0.033792
0.733965   -0.033073
0.740877   -0.032353
0.747729   -0.031632
0.754521   -0.030911
0.761249   -0.030191
0.767913   -0.029471
0.774511   -0.028751
0.781042   -0.028034
0.787503   -0.027317
0.793893   -0.026603
0.800210   -0.025891
0.806454   -0.025182
0.812621   -0.024476
0.818712   -0.023774
0.824724   -0.023075
0.830656   -0.022381
0.836506   -0.021691
0.842274   -0.021006
0.847956   -0.020326
0.853553   -0.019652
0.859063   -0.018984
0.864484   -0.018322
0.869816   -0.017667
0.875056   -0.017019
0.880203   -0.016378
0.885257   -0.015745
0.890215   -0.015120
0.895078   -0.014503
0.899842   -0.013896
0.904508   -0.013297
0.909075   -0.012708
0.913540   -0.012129
0.917904   -0.011559
0.922164   -0.011001
0.926320   -0.010453
0.930371   -0.009916
0.934316   -0.009391
0.938153   -0.008878
0.941883   -0.008376
0.945503   -0.007887
0.949014   -0.007411
0.952413   -0.006948
0.955702   -0.006498
0.958877   -0.006062
0.961940   -0.005639
0.964888   -0.005231
0.967722   -0.004837
0.970440   -0.004458
0.973043   -0.004094
0.975528   -0.003745
0.977897   -0.003412
0.980147   -0.003094
0.982279   -0.002792
0.984292   -0.002506
0.986185   -0.002237
0.987958   -0.001984
0.989611   -0.001747
0.991144   -0.001528
0.992555   -0.001325
0.993844   -0.001140
0.995012   -0.000971
0.996057   -0.000821
0.996980   -0.000687
0.997781   -0.000572
0.998459   -0.000473
0.999013   -0.000393
0.999445   -0.000331
0.999753   -0.000286
0.999938   -0.000259
1.000000   -0.000250
1.000000   0.000000
