NACA_0012_TE1
upper
1.000000   0.000000
1.000000   0.005000
0.999938   0.005009
0.999753   0.005035
0.999445   0.005078
0.999013   0.005138
0.998459   0.005216
0.997781   0.005311
0.996980   0.005423
0.996057   0.005552
0.995012   0.005698
0.993844   0.005860
0.992555   0.006040
0.991144   0.006236
0.989611   0.006448
0.987958   0.006676
0.986185   0.006921
0.984292   0.007182
0.982279   0.007458
0.980147   0.007750
0.977897   0.008057
0.975528   0.008379
0.973043   0.008716
0.970440   0.009068
0.967722   0.009434
0.964888   0.009814
0.961940   0.010208
0.958877   0.010616
0.955702   0.011037
0.952413   0.011472
0.949014   0.011919
0.945503   0.012378
0.941883   0.012850
0.938153   0.013334
0.934316   0.013829
0.930371   0.014335
0.926320   0.014853
0.922164   0.015381
0.917904   0.015920
0.913540   0.016468
0.909075   0.017026
0.904508   0.017593
0.899842   0.018170
0.895078   0.018755
0.890215   0.019348
0.885257   0.019950
0.880203   0.020559
0.875056   0.021175
0.869816   0.021798
0.864484   0.022428
0.859063   0.023064
0.853553   0.023706
0.847956   0.024354
0.842274   0.025007
0.836506   0.025664
0.830656   0.026326
0.824724   0.026993
0.818712   0.027663
0.812621   0.028336
0.806454   0.029013
0.800210   0.029692
0.793893   0.030374
0.787503   0.031058
0.781042   0.031743
0.774511   0.032430
0.767913   0.033118
0.761249   0.033807
0.754521   0.034495
0.747729   0.035184
0.740877   0.035872
0.733965   0.036559
0.726995   0.037245
0.719970   0.037930
0.712890   0.038613
0.705757   0.039293
0.698574   0.039970
0.691342   0.040645
0.684062   0.041316
0.676737   0.041983
0.669369   0.042647
0.661959   0.043305
0.654508   0.043959
0.647020   0.044607
0.639496   0.045249
0.631937   0.045886
0.624345   0.046515
0.616723   0.047138
0.609072   0.047754
0.601394   0.048361
0.593691   0.048961
0.585965   0.049551
0.578217   0.050133
0.570451   0.050706
0.562667   0.051268
0.554867   0.051820
0.547054   0.052362
0.539230   0.052892
0.531395   0.053411
0.523553   0.053918
0.515705   0.054412
0.507854   0.054893
0.500000   0.055362
0.492146   0.055816
0.484295   0.056256
0.476447   0.056682
0.468605   0.057092
0.460770   0.057488
0.452946   0.057867
0.445133   0.058230
0.437333   0.058576
0.429549   0.058905
0.421783   0.059217
0.414035   0.059511
0.406309   0.059786
0.398606   0.060043
0.390928   0.060281
0.383277   0.060499
0.375655   0.060697
0.368063   0.060875
0.360504   0.061032
0.352980   0.061169
0.345491   0.061284
0.338041   0.061378
0.330631   0.061450
0.323263   0.061500
0.315938   0.061527
0.308658   0.061532
0.301426   0.061513
0.294243   0.061472
0.287110   0.061407
0.280030   0.061318
0.273005   0.061206
0.266035   0.061070
0.259123   0.060909
0.252271   0.060725
0.245479   0.060515
0.238751   0.060282
0.232087   0.060023
0.225489   0.059740
0.218958   0.059432
0.212497   0.059100
0.206107   0.058742
0.199790   0.058360
0.193546   0.057953
0.187379   0.057522
0.181288   0.057065
0.175276   0.056584
0.169344   0.056079
0.163494   0.055549
0.157726   0.054995
0.152044   0.054417
0.146447   0.053815
0.140937   0.053189
0.135516   0.052540
0.130184   0.051867
0.124944   0.051171
0.119797   0.050453
0.114743   0.049711
0.109785   0.048948
0.104922   0.048162
0.100158   0.047355
0.095492   0.046526
0.090925   0.045677
0.086460   0.044806
0.082096   0.043915
0.077836   0.043004
0.073680   0.042074
0.069629   0.041124
0.065684   0.040155
0.061847   0.039168
0.058117   0.038162
0.054497   0.037139
0.050986   0.036098
0.047586   0.035041
0.044298   0.033967
0.041123   0.032876
0.038060   0.031770
0.035112   0.030648
0.032278   0.029512
0.029560   0.028361
0.026957   0.027195
0.024472   0.026016
0.022103   0.024823
0.019853   0.023617
0.017721   0.022398
0.015708   0.021166
0.013815   0.019923
0.012042   0.018668
0.010389   0.017401
0.008856   0.016123
0.007445   0.014834
0.006156   0.013534
0.004988   0.012224
0.003943   0.010904
0.003020   0.009574
0.002219   0.008234
0.001541   0.006884
0.000987   0.005526
0.000555   0.004158
0.000247   0.002781
0.000062   0.001395
0.000000   0.000000
lower
0.000000   0.000000
0.000062   -0.001395
0.000247   -0.002781
0.000555   -0.004158
0.000987   -0.005526
0.001541   -0.006884
0.002219   -0.008234
0.003020   -0.009574
0.003943   -0.010904
0.004988   -0.012224
0.006156   -0.013534
0.007445   -0.014834
0.008856   -0.016123
0.010389   -0.017401
0.012042   -0.018668
0.013815   -0.019923
0.015708   -0.021166
0.017721   -0.022398
0.019853   -0.023617
0.022103   -0.024823
0.024472   -0.026016
0.026957   -0.027195
0.029560   -0.028361
0.032278   -0.029512
0.035112   -0.030648
0.038060   -0.031770
0.041123   -0.032876
0.044298   -0.033967
0.047586   -0.035041
0.050986   -0.036098
0.054497   -0.037139
0.058117   -0.038162
0.061847   -0.039168
0.065684   -0.040155
0.069629   -0.041124
0.073680   -0.042074
0.077836   -0.043004
0.082096   -0.043915
0.086460   -0.044806
0.090925   -0.045677
0.095492   -0.046526
0.100158   -0.047355
0.104922   -0.048162
0.109785   -0.048948
0.114743   -0.049711
0.119797   -0.050453
0.124944   -0.051171
0.130184   -0.051867
0.135516   -0.052540
0.140937   -0.053189
0.146447   -0.053815
0.152044   -0.054417
0.157726   -0.054995
0.163494   -0.055549
0.169344   -0.056079
0.175276   -0.056584
0.181288   -0.057065
0.187379   -0.057522
0.193546   -0.057953
0.199790   -0.058360
0.206107   -0.058742
0.212497   -0.059100
0.218958   -0.059432
0.225489   -0.059740
0.232087   -0.060023
0.238751   -0.060282
0.245479   -0.060515
0.252271   -0.060725
0.259123   -0.060909
0.266035   -0.061070
0.273005   -0.061206
0.280030   -0.061318
0.287110   -0.061407
0.294243   -0.061472
0.301426   -0.061513
0.308658   -0.061532
0.315938   -0.061527
0.323263   -0.061500
0.330631   -0.061450
0.338041   -0.061378
0.345491   -0.061284
0.352980   -0.061169
0.360504   -0.061032
0.368063   -0.060875
0.375655   -0.060697
0.383277   -0.060499
0.390928   -0.060281
0.398606   -0.060043
0.406309   -0.059786
0.414035   -0.059511
0.421783   -0.059217
0.429549   -0.058905
0.437333   -0.058576
0.445133   -0.058230
0.452946   -0.057867
0.460770   -0.057488
0.468605   -0.057092
0.476447   -0.056682
0.484295   -0.056256
0.492146   -0.055816
0.500000   -0.055362
0.507854   -0.054893
0.515705   -0.054412
0.523553   -0.053918
0.531395   -0.053411
0.539230   -0.052892
0.547054   -0.052362
0.554867   -0.051820
0.562667   -0.051268
0.570451   -0.050706
0.578217   -0.050133
0.585965   -0.049551
0.593691   -0.048961
0.601394   -0.048361
0.609072   -0.047754
0.616723   -0.047138
0.624345   -0.046515
0.631937   -0.045886
0.639496   -0.045249
0.647020   -0.044607
0.654508   -0.043959
0.661959   -0.043305
0.669369   -0.042647
0.676737   -0.041983
0.684062   -0.041316
0.691342   -0.040645
0.698574   -0.039970
0.705757   -0.039293
0.712890   -0.038613
0.719970   -0.037930
0.726995   -0.037245
0.733965   -0.036559
0.740877   -0.035872
0.747729   -0.035184
0.754521   -0.034495
0.761249   -0.033807
0.767913   -0.033118
0.774511   -0.032430
0.781042   -0.031743
0.787503   -0.031058
0.793893   -0.030374
0.800210   -0.029692
0.806454   -0.029013
0.812621   -0.028336
0.818712   -0.027663
0.824724   -0.026993
0.830656   -0.026326
0.836506   -0.025664
0.842274   -0.025007
0.847956   -0.024354
0.853553   -0.023706
0.859063   -0.023064
0.864484   -0.022428
0.869816   -0.021798
0.875056   -0.021175
0.880203   -0.020559
0.885257   -0.019950
0.890215   -0.019348
0.895078   -0.018755
0.899842   -0.018170
0.904508   -0.017593
0.909075   -0.017026
0.913540   -0.016468
0.917904   -0.015920
0.922164   -0.015381
0.926320   -0.014853
0.930371   -0.014335
0.934316   -0.013829
0.938153   -0.013334
0.941883   -0.012850
0.945503   -0.012378
0.949014   -0.011919
0.952413   -0.011472
0.955702   -0.011037
0.958877   -0.010616
0.961940   -0.010208
0.964888   -0.009814
0.967722   -0.009434
0.970440   -0.009068
0.973043   -0.008716
0.975528   -0.008379
0.977897   -0.008057
0.980147   -0.007750
0.982279   -0.007458
0.984292   -0.007182
0.986185   -0.006921
0.987958   -0.006676
0.989611   -0.006448
0.991144   -0.006236
0.992555   -0.006040
0.993844   -0.005860
0.995012   -0.005698
0.996057   -0.005552
0.996980   -0.005423
0.997781   -0.005311
0.998459   -0.005216
0.999013   -0.005138
0.999445   -0.005078
0.999753   -0.005035
0.999938   -0.005009
1.000000   -0.005000
1.000000   0.000000
