PLATE_t16_m8
upper
1.000000   0.000000
1.020613   0.077299
1.015453   0.078669
1.010292   0.080028
1.005131   0.081376
0.999969   0.082712
0.994808   0.084037
0.989646   0.085350
0.984484   0.086652
0.979322   0.087943
0.974159   0.089222
0.968996   0.090490
0.963833   0.091746
0.958670   0.092991
0.953506   0.094225
0.948342   0.095447
0.943178   0.096657
0.938014   0.097857
0.932850   0.099044
0.927685   0.100221
0.922520   0.101386
0.917354   0.102539
0.912189   0.103682
0.907023   0.104812
0.901857   0.105932
0.896691   0.107039
0.891525   0.108136
0.886358   0.109221
0.881191   0.110294
0.876024   0.111357
0.870857   0.112407
0.865689   0.113446
0.860522   0.114474
0.855354   0.115491
0.850185   0.116496
0.845017   0.117489
0.839849   0.118471
0.834680   0.119442
0.829511   0.120401
0.824342   0.121348
0.819172   0.122285
0.814003   0.123209
0.808833   0.124123
0.803663   0.125025
0.798493   0.125915
0.793322   0.126794
0.788152   0.127662
0.782981   0.128518
0.777810   0.129362
0.772639   0.130195
0.767468   0.131017
0.762297   0.131827
0.757125   0.132626
0.751953   0.133413
0.746781   0.134189
0.741609   0.134953
0.736437   0.135706
0.731264   0.136447
0.726092   0.137177
0.720919   0.137896
0.715746   0.138603
0.710573   0.139298
0.705400   0.139982
0.700227   0.140655
0.695053   0.141316
0.689879   0.141965
0.684706   0.142604
0.679532   0.143230
0.674358   0.143845
0.669183   0.144449
0.664009   0.145041
0.658835   0.145622
0.653660   0.146191
0.648485   0.146749
0.643310   0.147295
0.638135   0.147830
0.632960   0.148353
0.627785   0.148865
0.622610   0.149365
0.617434   0.149854
0.612259   0.150331
0.607083   0.150797
0.601907   0.151251
0.596732   0.151694
0.591556   0.152125
0.586380   0.152545
0.581203   0.152954
0.576027   0.153350
0.570851   0.153736
0.565675   0.154110
0.560498   0.154472
0.555322   0.154823
0.550145   0.155162
0.544968   0.155490
0.539791   0.155806
0.534615   0.156111
0.529438   0.156405
0.524261   0.156686
0.519084   0.156957
0.513906   0.157216
0.508729   0.157463
0.503552   0.157699
0.498375   0.157923
0.493197   0.158136
0.488020   0.158337
0.482843   0.158527
0.477665   0.158706
0.472488   0.158872
0.467310   0.159028
0.462133   0.159172
0.456955   0.159304
0.451777   0.159425
0.446600   0.159534
0.441422   0.159632
0.436244   0.159718
0.431067   0.159793
0.425889   0.159856
0.420711   0.159908
0.415533   0.159948
0.410356   0.159977
0.405178   0.159994
0.400000   0.160000
0.394600   0.159986
0.389200   0.159946
0.383800   0.159879
0.378400   0.159784
0.373001   0.159663
0.367601   0.159514
0.362202   0.159339
0.356803   0.159136
0.351404   0.158907
0.346005   0.158650
0.340607   0.158367
0.335209   0.158056
0.329811   0.157719
0.324414   0.157355
0.319017   0.156963
0.313620   0.156545
0.308224   0.156100
0.302829   0.155628
0.297434   0.155129
0.292040   0.154603
0.286646   0.154050
0.281253   0.153470
0.275860   0.152864
0.270468   0.152230
0.265077   0.151570
0.259687   0.150882
0.254297   0.150168
0.248908   0.149427
0.243520   0.148660
0.238133   0.147865
0.232746   0.147043
0.227361   0.146195
0.221976   0.145320
0.216592   0.144418
0.211210   0.143490
0.205828   0.142535
0.200447   0.141553
0.195067   0.140544
0.189688   0.139509
0.184311   0.138446
0.178934   0.137358
0.173559   0.136242
0.168184   0.135100
0.162811   0.133932
0.157439   0.132736
0.152068   0.131514
0.146699   0.130266
0.141330   0.128991
0.135963   0.127689
0.130597   0.126361
0.125233   0.125007
0.119869   0.123626
0.114507   0.122218
0.109147   0.120784
0.103787   0.119324
0.098430   0.117837
0.093073   0.116324
0.087718   0.114784
0.082364   0.113218
0.077012   0.111626
0.071661   0.110007
0.066312   0.108363
0.060964   0.106691
0.055618   0.104994
0.050273   0.103270
0.044930   0.101520
0.039588   0.099744
0.034248   0.097942
0.028909   0.096113
0.023572   0.094259
0.018236   0.092378
0.012902   0.090471
0.007570   0.088538
0.002239   0.086579
-0.003090   0.084594
-0.008417   0.082583
-0.013743   0.080546
-0.019068   0.078482
-0.024390   0.076393
-0.029711   0.074278
0.000000   0.000000
lower
0.000000   0.000000
0.029711   -0.074278
0.034390   -0.072418
0.039068   -0.070582
0.043743   -0.068771
0.048417   -0.066983
0.053090   -0.065219
0.057761   -0.063479
0.062430   -0.061763
0.067098   -0.060071
0.071764   -0.058403
0.076428   -0.056759
0.081091   -0.055138
0.085752   -0.053542
0.090412   -0.051969
0.095070   -0.050420
0.099727   -0.048895
0.104382   -0.047394
0.109036   -0.045916
0.113688   -0.044463
0.118339   -0.043032
0.122988   -0.041626
0.127636   -0.040243
0.132282   -0.038884
0.136927   -0.037549
0.141570   -0.036237
0.146213   -0.034949
0.150853   -0.033684
0.155493   -0.032443
0.160131   -0.031226
0.164767   -0.030032
0.169403   -0.028861
0.174037   -0.027714
0.178670   -0.026591
0.183301   -0.025491
0.187932   -0.024414
0.192561   -0.023361
0.197189   -0.022332
0.201816   -0.021325
0.206441   -0.020342
0.211066   -0.019383
0.215689   -0.018446
0.220312   -0.017534
0.224933   -0.016644
0.229553   -0.015778
0.234172   -0.014935
0.238790   -0.014115
0.243408   -0.013318
0.248024   -0.012545
0.252639   -0.011795
0.257254   -0.011068
0.261867   -0.010365
0.266480   -0.009685
0.271092   -0.009027
0.275703   -0.008393
0.280313   -0.007782
0.284923   -0.007195
0.289532   -0.006630
0.294140   -0.006089
0.298747   -0.005570
0.303354   -0.005075
0.307960   -0.004603
0.312566   -0.004154
0.317171   -0.003728
0.321776   -0.003325
0.326380   -0.002945
0.330983   -0.002588
0.335586   -0.002255
0.340189   -0.001944
0.344791   -0.001656
0.349393   -0.001392
0.353995   -0.001150
0.358596   -0.000932
0.363197   -0.000736
0.367798   -0.000564
0.372399   -0.000414
0.376999   -0.000288
0.381600   -0.000184
0.386200   -0.000104
0.390800   -0.000046
0.395400   -0.000012
0.400000   0.000000
0.404822   -0.000005
0.409644   -0.000021
0.414467   -0.000048
0.419289   -0.000086
0.424111   -0.000134
0.428933   -0.000193
0.433756   -0.000263
0.438578   -0.000343
0.443400   -0.000434
0.448223   -0.000536
0.453045   -0.000648
0.457867   -0.000772
0.462690   -0.000906
0.467512   -0.001050
0.472335   -0.001206
0.477157   -0.001372
0.481980   -0.001549
0.486803   -0.001736
0.491625   -0.001934
0.496448   -0.002143
0.501271   -0.002363
0.506094   -0.002593
0.510916   -0.002835
0.515739   -0.003086
0.520562   -0.003349
0.525385   -0.003622
0.530209   -0.003906
0.535032   -0.004201
0.539855   -0.004507
0.544678   -0.004823
0.549502   -0.005150
0.554325   -0.005487
0.559149   -0.005836
0.563973   -0.006195
0.568797   -0.006565
0.573620   -0.006945
0.578444   -0.007336
0.583268   -0.007739
0.588093   -0.008151
0.592917   -0.008575
0.597741   -0.009009
0.602566   -0.009454
0.607390   -0.009909
0.612215   -0.010376
0.617040   -0.010853
0.621865   -0.011341
0.626690   -0.011839
0.631515   -0.012349
0.636340   -0.012869
0.641165   -0.013400
0.645991   -0.013941
0.650817   -0.014493
0.655642   -0.015056
0.660468   -0.015630
0.665294   -0.016215
0.670121   -0.016810
0.674947   -0.017416
0.679774   -0.018033
0.684600   -0.018660
0.689427   -0.019298
0.694254   -0.019947
0.699081   -0.020607
0.703908   -0.021277
0.708736   -0.021959
0.713563   -0.022650
0.718391   -0.023353
0.723219   -0.024067
0.728047   -0.024791
0.732875   -0.025526
0.737703   -0.026272
0.742532   -0.027028
0.747361   -0.027795
0.752190   -0.028573
0.757019   -0.029362
0.761848   -0.030162
0.766678   -0.030972
0.771507   -0.031793
0.776337   -0.032625
0.781167   -0.033467
0.785997   -0.034321
0.790828   -0.035185
0.795658   -0.036060
0.800489   -0.036945
0.805320   -0.037842
0.810151   -0.038749
0.814983   -0.039667
0.819815   -0.040596
0.824646   -0.041535
0.829478   -0.042485
0.834311   -0.043446
0.839143   -0.044418
0.843976   -0.045401
0.848809   -0.046394
0.853642   -0.047399
0.858475   -0.048414
0.863309   -0.049439
0.868143   -0.050476
0.872977   -0.051523
0.877811   -0.052582
0.882646   -0.053651
0.887480   -0.054730
0.892315   -0.055821
0.897151   -0.056922
0.901986   -0.058034
0.906822   -0.059157
0.911658   -0.060291
0.916494   -0.061436
0.921330   -0.062591
0.926167   -0.063757
0.931004   -0.064934
0.935841   -0.066122
0.940678   -0.067321
0.945516   -0.068530
0.950354   -0.069750
0.955192   -0.070981
0.960031   -0.072223
0.964869   -0.073476
0.969708   -0.074739
0.974548   -0.076014
0.979387   -0.077299
1.000000   0.000000
