REF_NACA-9421
1.000000   0.000000
0.999939   0.000017
0.999756   0.000070
0.999450   0.000157
0.999023   0.000279
0.998474   0.000435
0.997803   0.000627
0.997010   0.000854
0.996096   0.001115
0.995061   0.001412
0.993905   0.001744
0.992628   0.002111
0.991231   0.002513
0.989714   0.002951
0.988077   0.003424
0.986321   0.003933
0.984447   0.004477
0.982454   0.005057
0.980343   0.005672
0.978114   0.006323
0.975769   0.007011
0.973309   0.007739
0.970739   0.008519
0.968054   0.009339
0.965257   0.010201
0.962348   0.011105
0.959328   0.012051
0.956198   0.013039
0.952959   0.014071
0.949611   0.015146
0.946157   0.016265
0.942596   0.017428
0.938929   0.018636
0.935159   0.019890
0.931286   0.021188
0.927311   0.022532
0.923235   0.023923
0.919059   0.025359
0.914786   0.026842
0.910415   0.028371
0.905948   0.029947
0.901386   0.031569
0.896731   0.033238
0.891984   0.034954
0.887146   0.036716
0.882218   0.038524
0.877202   0.040378
0.872100   0.042278
0.866911   0.044223
0.861638   0.046213
0.856283   0.048247
0.850845   0.050325
0.845327   0.052446
0.839731   0.054610
0.834056   0.056815
0.828305   0.059061
0.822479   0.061347
0.816579   0.063672
0.810607   0.066034
0.804564   0.068433
0.798450   0.070868
0.792269   0.073336
0.786019   0.075837
0.779703   0.078369
0.773323   0.080930
0.766879   0.083520
0.760372   0.086135
0.753803   0.088775
0.747175   0.091438
0.740487   0.094121
0.733741   0.096823
0.726938   0.099541
0.720079   0.102274
0.713165   0.105019
0.706198   0.107774
0.699178   0.110536
0.692105   0.113303
0.684983   0.116073
0.677810   0.118843
0.670588   0.121610
0.663318   0.124372
0.656002   0.127126
0.648639   0.129870
0.641231   0.132600
0.633778   0.135313
0.626283   0.138007
0.618745   0.140679
0.611165   0.143326
0.603545   0.145944
0.595885   0.148531
0.588186   0.151083
0.580449   0.153598
0.572676   0.156073
0.564867   0.158503
0.557023   0.160887
0.549146   0.163220
0.541236   0.165500
0.533295   0.167723
0.525323   0.169887
0.517323   0.171987
0.509295   0.174022
0.501241   0.175988
0.493162   0.177881
0.485060   0.179699
0.476936   0.181439
0.468792   0.183098
0.460631   0.184672
0.452452   0.186159
0.444259   0.187557
0.436054   0.188862
0.427839   0.190072
0.419615   0.191184
0.411386   0.192196
0.403153   0.193106
0.394919   0.193910
0.386688   0.194609
0.378460   0.195198
0.370241   0.195677
0.362031   0.196044
0.353835   0.196297
0.345655   0.196436
0.337494   0.196458
0.329357   0.196362
0.321246   0.196149
0.313164   0.195817
0.305116   0.195366
0.297105   0.194796
0.289134   0.194107
0.281206   0.193298
0.273327   0.192370
0.265499   0.191324
0.257726   0.190161
0.250012   0.188881
0.242361   0.187486
0.234776   0.185977
0.227262   0.184356
0.219821   0.182625
0.212457   0.180785
0.205175   0.178839
0.197977   0.176789
0.190868   0.174638
0.183850   0.172389
0.176926   0.170044
0.170101   0.167606
0.163378   0.165079
0.156758   0.162467
0.150246   0.159772
0.143844   0.156998
0.137555   0.154149
0.131382   0.151229
0.125326   0.148242
0.119392   0.145192
0.113580   0.142083
0.107893   0.138919
0.102334   0.135704
0.096903   0.132443
0.091603   0.129140
0.086436   0.125799
0.081403   0.122425
0.076506   0.119022
0.071746   0.115594
0.067124   0.112147
0.062642   0.108684
0.058300   0.105209
0.054100   0.101727
0.050042   0.098243
0.046127   0.094760
0.042356   0.091283
0.038729   0.087815
0.035247   0.084361
0.031910   0.080926
0.028719   0.077511
0.025674   0.074123
0.022775   0.070764
0.020022   0.067437
0.017415   0.064147
0.014954   0.060897
0.012640   0.057691
0.010471   0.054530
0.008449   0.051420
0.006572   0.048362
0.004840   0.045359
0.003254   0.042414
0.001812   0.039530
0.000515   0.036708
-0.000639   0.033952
-0.001649   0.031264
-0.002516   0.028645
-0.003241   0.026097
-0.003824   0.023622
-0.004265   0.021221
-0.004566   0.018897
-0.004727   0.016649
-0.004749   0.014479
-0.004633   0.012388
-0.004378   0.010377
-0.003986   0.008446
-0.003458   0.006596
-0.002795   0.004826
-0.001997   0.003137
-0.001065   0.001528
0.000000   0.000000
0.001187   -0.001435
0.002485   -0.002766
0.003894   -0.003991
0.005412   -0.005113
0.007038   -0.006132
0.008772   -0.007050
0.010612   -0.007866
0.012556   -0.008583
0.014605   -0.009202
0.016756   -0.009724
0.019008   -0.010150
0.021361   -0.010483
0.023812   -0.010723
0.026361   -0.010872
0.029006   -0.010932
0.031745   -0.010905
0.034578   -0.010793
0.037503   -0.010598
0.040517   -0.010321
0.043621   -0.009965
0.046812   -0.009531
0.050089   -0.009023
0.053451   -0.008442
0.056895   -0.007790
0.060420   -0.007070
0.064025   -0.006284
0.067709   -0.005435
0.071469   -0.004524
0.075304   -0.003554
0.079212   -0.002527
0.083193   -0.001447
0.087244   -0.000315
0.091365   0.000867
0.095553   0.002095
0.099807   0.003368
0.104126   0.004683
0.108509   0.006038
0.112954   0.007430
0.117460   0.008858
0.122025   0.010318
0.126649   0.011808
0.131331   0.013327
0.136069   0.014872
0.140863   0.016440
0.145711   0.018030
0.150613   0.019640
0.155568   0.021267
0.160575   0.022909
0.165634   0.024564
0.170744   0.026231
0.175904   0.027907
0.181115   0.029590
0.186375   0.031279
0.191685   0.032972
0.197044   0.034666
0.202452   0.036360
0.207910   0.038052
0.213416   0.039741
0.218973   0.041424
0.224578   0.043100
0.230233   0.044767
0.235938   0.046424
0.241694   0.048068
0.247500   0.049699
0.253356   0.051314
0.259264   0.052912
0.265224   0.054491
0.271235   0.056050
0.277299   0.057587
0.283416   0.059099
0.289586   0.060587
0.295809   0.062047
0.302087   0.063479
0.308418   0.064881
0.314803   0.066250
0.321244   0.067587
0.327738   0.068888
0.334287   0.070153
0.340891   0.071380
0.347549   0.072568
0.354261   0.073715
0.361026   0.074819
0.367845   0.075880
0.374717   0.076896
0.381640   0.077865
0.388615   0.078787
0.395640   0.079660
0.402715   0.080483
0.409838   0.081255
0.417008   0.081976
0.424223   0.082644
0.431483   0.083258
0.438785   0.083818
0.446129   0.084323
0.453511   0.084773
0.460931   0.085166
0.468387   0.085503
0.475875   0.085784
0.483395   0.086008
0.490944   0.086174
0.498520   0.086284
0.506120   0.086337
0.513741   0.086333
0.521382   0.086273
0.529040   0.086156
0.536712   0.085984
0.544396   0.085757
0.552088   0.085475
0.559787   0.085139
0.567489   0.084751
0.575191   0.084310
0.582892   0.083818
0.590587   0.083276
0.598275   0.082684
0.605953   0.082045
0.613617   0.081359
0.621264   0.080627
0.628893   0.079851
0.636500   0.079032
0.644083   0.078172
0.651639   0.077271
0.659164   0.076332
0.666657   0.075356
0.674115   0.074345
0.681535   0.073299
0.688914   0.072221
0.696251   0.071113
0.703542   0.069975
0.710785   0.068810
0.717977   0.067619
0.725117   0.066404
0.732202   0.065167
0.739229   0.063908
0.746197   0.062631
0.753103   0.061336
0.759944   0.060025
0.766720   0.058700
0.773428   0.057363
0.780065   0.056014
0.786630   0.054657
0.793122   0.053291
0.799537   0.051919
0.805875   0.050543
0.812133   0.049163
0.818311   0.047782
0.824405   0.046400
0.830415   0.045020
0.836340   0.043642
0.842176   0.042268
0.847924   0.040900
0.853582   0.039538
0.859148   0.038185
0.864620   0.036840
0.869998   0.035506
0.875281   0.034184
0.880467   0.032874
0.885555   0.031578
0.890543   0.030298
0.895431   0.029033
0.900218   0.027786
0.904903   0.026556
0.909484   0.025346
0.913961   0.024155
0.918332   0.022986
0.922597   0.021838
0.926755   0.020713
0.930806   0.019611
0.934747   0.018533
0.938579   0.017481
0.942301   0.016454
0.945912   0.015453
0.949411   0.014479
0.952798   0.013533
0.956071   0.012615
0.959231   0.011726
0.962277   0.010866
0.965208   0.010035
0.968024   0.009236
0.970723   0.008467
0.973306   0.007729
0.975769   0.007011
0.978114   0.006323
0.980343   0.005672
0.982454   0.005057
0.984447   0.004477
0.986321   0.003933
0.988077   0.003424
0.989714   0.002951
0.991231   0.002513
0.992628   0.002111
0.993905   0.001744
0.995061   0.001412
0.996096   0.001115
0.997010   0.000854
0.997803   0.000627
0.998474   0.000435
0.999023   0.000279
0.999450   0.000157
0.999756   0.000070
0.999939   0.000017
1.000000   -0.000000
