SHP_OVAL_t12
upper
1.000000   0.000000
0.999753   0.001885
0.999445   0.002826
0.999013   0.003767
0.998459   0.004708
0.997781   0.005646
0.996980   0.006584
0.996057   0.007520
0.995012   0.008454
0.993844   0.009386
0.992555   0.010316
0.991144   0.011243
0.989611   0.012167
0.987958   0.013089
0.986185   0.014007
0.984292   0.014921
0.982279   0.015832
0.980147   0.016739
0.977897   0.017642
0.975528   0.018541
0.973043   0.019435
0.970440   0.020324
0.967722   0.021208
0.964888   0.022087
0.961940   0.022961
0.958877   0.023829
0.955702   0.024691
0.952413   0.025547
0.949014   0.026396
0.945503   0.027239
0.941883   0.028076
0.938153   0.028905
0.934316   0.029728
0.930371   0.030542
0.926320   0.031350
0.922164   0.032150
0.917904   0.032941
0.913540   0.033725
0.909075   0.034500
0.904508   0.035267
0.899842   0.036025
0.895078   0.036774
0.890215   0.037515
0.885257   0.038245
0.880203   0.038967
0.875056   0.039679
0.869816   0.040381
0.864484   0.041073
0.859063   0.041755
0.853553   0.042426
0.847956   0.043088
0.842274   0.043738
0.836506   0.044378
0.830656   0.045007
0.824724   0.045624
0.818712   0.046231
0.812621   0.046826
0.806454   0.047409
0.800210   0.047981
0.793893   0.048541
0.787503   0.049089
0.781042   0.049625
0.774511   0.050148
0.767913   0.050660
0.761249   0.051158
0.754521   0.051645
0.747729   0.052118
0.740877   0.052578
0.733965   0.053026
0.726995   0.053460
0.719970   0.053882
0.712890   0.054290
0.705757   0.054684
0.698574   0.055065
0.691342   0.055433
0.684062   0.055787
0.676737   0.056127
0.669369   0.056453
0.661959   0.056765
0.654508   0.057063
0.647020   0.057348
0.639496   0.057618
0.631937   0.057873
0.624345   0.058115
0.616723   0.058342
0.609072   0.058555
0.601394   0.058753
0.593691   0.058937
0.585965   0.059107
0.578217   0.059261
0.570451   0.059401
0.562667   0.059527
0.554867   0.059638
0.547054   0.059734
0.539230   0.059815
0.531395   0.059882
0.523553   0.059933
0.515705   0.059970
0.507854   0.059993
0.500000   0.060000
0.492146   0.059993
0.484295   0.059970
0.476447   0.059933
0.468605   0.059882
0.460770   0.059815
0.452946   0.059734
0.445133   0.059638
0.437333   0.059527
0.429549   0.059401
0.421783   0.059261
0.414035   0.059107
0.406309   0.058937
0.398606   0.058753
0.390928   0.058555
0.383277   0.058342
0.375655   0.058115
0.368063   0.057873
0.360504   0.057618
0.352980   0.057348
0.345491   0.057063
0.338041   0.056765
0.330631   0.056453
0.323263   0.056127
0.315938   0.055787
0.308658   0.055433
0.301426   0.055065
0.294243   0.054684
0.287110   0.054290
0.280030   0.053882
0.273005   0.053460
0.266035   0.053026
0.259123   0.052578
0.252271   0.052118
0.245479   0.051645
0.238751   0.051158
0.232087   0.050660
0.225489   0.050148
0.218958   0.049625
0.212497   0.049089
0.206107   0.048541
0.199790   0.047981
0.193546   0.047409
0.187379   0.046826
0.181288   0.046231
0.175276   0.045624
0.169344   0.045007
0.163494   0.044378
0.157726   0.043738
0.152044   0.043088
0.146447   0.042426
0.140937   0.041755
0.135516   0.041073
0.130184   0.040381
0.124944   0.039679
0.119797   0.038967
0.114743   0.038245
0.109785   0.037515
0.104922   0.036774
0.100158   0.036025
0.095492   0.035267
0.090925   0.034500
0.086460   0.033725
0.082096   0.032941
0.077836   0.032150
0.073680   0.031350
0.069629   0.030542
0.065684   0.029728
0.061847   0.028905
0.058117   0.028076
0.054497   0.027239
0.050986   0.026396
0.047586   0.025547
0.044298   0.024691
0.041123   0.023829
0.038060   0.022961
0.035112   0.022087
0.032278   0.021208
0.029560   0.020324
0.026957   0.019435
0.024472   0.018541
0.022103   0.017642
0.019853   0.016739
0.017721   0.015832
0.015708   0.014921
0.013815   0.014007
0.012042   0.013089
0.010389   0.012167
0.008856   0.011243
0.007445   0.010316
0.006156   0.009386
0.004988   0.008454
0.003943   0.007520
0.003020   0.006584
0.002219   0.005646
0.001541   0.004708
0.000987   0.003767
0.000555   0.002826
0.000247   0.001885
0.000062   0.000942
0.000000   0.000000
lower
0.000000   0.000000
0.000062   -0.000942
0.000247   -0.001885
0.000555   -0.002826
0.000987   -0.003767
0.001541   -0.004708
0.002219   -0.005646
0.003020   -0.006584
0.003943   -0.007520
0.004988   -0.008454
0.006156   -0.009386
0.007445   -0.010316
0.008856   -0.011243
0.010389   -0.012167
0.012042   -0.013089
0.013815   -0.014007
0.015708   -0.014921
0.017721   -0.015832
0.019853   -0.016739
0.022103   -0.017642
0.024472   -0.018541
0.026957   -0.019435
0.029560   -0.020324
0.032278   -0.021208
0.035112   -0.022087
0.038060   -0.022961
0.041123   -0.023829
0.044298   -0.024691
0.047586   -0.025547
0.050986   -0.026396
0.054497   -0.027239
0.058117   -0.028076
0.061847   -0.028905
0.065684   -0.029728
0.069629   -0.030542
0.073680   -0.031350
0.077836   -0.032150
0.082096   -0.032941
0.086460   -0.033725
0.090925   -0.034500
0.095492   -0.035267
0.100158   -0.036025
0.104922   -0.036774
0.109785   -0.037515
0.114743   -0.038245
0.119797   -0.038967
0.124944   -0.039679
0.130184   -0.040381
0.135516   -0.041073
0.140937   -0.041755
0.146447   -0.042426
0.152044   -0.043088
0.157726   -0.043738
0.163494   -0.044378
0.169344   -0.045007
0.175276   -0.045624
0.181288   -0.046231
0.187379   -0.046826
0.193546   -0.047409
0.199790   -0.047981
0.206107   -0.048541
0.212497   -0.049089
0.218958   -0.049625
0.225489   -0.050148
0.232087   -0.050660
0.238751   -0.051158
0.245479   -0.051645
0.252271   -0.052118
0.259123   -0.052578
0.266035   -0.053026
0.273005   -0.053460
0.280030   -0.053882
0.287110   -0.054290
0.294243   -0.054684
0.301426   -0.055065
0.308658   -0.055433
0.315938   -0.055787
0.323263   -0.056127
0.330631   -0.056453
0.338041   -0.056765
0.345491   -0.057063
0.352980   -0.057348
0.360504   -0.057618
0.368063   -0.057873
0.375655   -0.058115
0.383277   -0.058342
0.390928   -0.058555
0.398606   -0.058753
0.406309   -0.058937
0.414035   -0.059107
0.421783   -0.059261
0.429549   -0.059401
0.437333   -0.059527
0.445133   -0.059638
0.452946   -0.059734
0.460770   -0.059815
0.468605   -0.059882
0.476447   -0.059933
0.484295   -0.059970
0.492146   -0.059993
0.500000   -0.060000
0.507854   -0.059993
0.515705   -0.059970
0.523553   -0.059933
0.531395   -0.059882
0.539230   -0.059815
0.547054   -0.059734
0.554867   -0.059638
0.562667   -0.059527
0.570451   -0.059401
0.578217   -0.059261
0.585965   -0.059107
0.593691   -0.058937
0.601394   -0.058753
0.609072   -0.058555
0.616723   -0.058342
0.624345   -0.058115
0.631937   -0.057873
0.639496   -0.057618
0.647020   -0.057348
0.654508   -0.057063
0.661959   -0.056765
0.669369   -0.056453
0.676737   -0.056127
0.684062   -0.055787
0.691342   -0.055433
0.698574   -0.055065
0.705757   -0.054684
0.712890   -0.054290
0.719970   -0.053882
0.726995   -0.053460
0.733965   -0.053026
0.740877   -0.052578
0.747729   -0.052118
0.754521   -0.051645
0.761249   -0.051158
0.767913   -0.050660
0.774511   -0.050148
0.781042   -0.049625
0.787503   -0.049089
0.793893   -0.048541
0.800210   -0.047981
0.806454   -0.047409
0.812621   -0.046826
0.818712   -0.046231
0.824724   -0.045624
0.830656   -0.045007
0.836506   -0.044378
0.842274   -0.043738
0.847956   -0.043088
0.853553   -0.042426
0.859063   -0.041755
0.864484   -0.041073
0.869816   -0.040381
0.875056   -0.039679
0.880203   -0.038967
0.885257   -0.038245
0.890215   -0.037515
0.895078   -0.036774
0.899842   -0.036025
0.904508   -0.035267
0.909075   -0.034500
0.913540   -0.033725
0.917904   -0.032941
0.922164   -0.032150
0.926320   -0.031350
0.930371   -0.030542
0.934316   -0.029728
0.938153   -0.028905
0.941883   -0.028076
0.945503   -0.027239
0.949014   -0.026396
0.952413   -0.025547
0.955702   -0.024691
0.958877   -0.023829
0.961940   -0.022961
0.964888   -0.022087
0.967722   -0.021208
0.970440   -0.020324
0.973043   -0.019435
0.975528   -0.018541
0.977897   -0.017642
0.980147   -0.016739
0.982279   -0.015832
0.984292   -0.014921
0.986185   -0.014007
0.987958   -0.013089
0.989611   -0.012167
0.991144   -0.011243
0.992555   -0.010316
0.993844   -0.009386
0.995012   -0.008454
0.996057   -0.007520
0.996980   -0.006584
0.997781   -0.005646
0.998459   -0.004708
0.999013   -0.003767
0.999445   -0.002826
0.999753   -0.001885
1.000000   0.000000
