SHP_OVAL_t16_m8_TE3
upper
1.000000   0.000000
1.005023   0.019834
1.005034   0.021125
1.004919   0.022446
1.004679   0.023796
1.004313   0.025177
1.003821   0.026586
1.003204   0.028023
1.002460   0.029489
1.001590   0.030982
1.000595   0.032503
0.999474   0.034050
0.998227   0.035623
0.996854   0.037221
0.995356   0.038844
0.993733   0.040491
0.991985   0.042162
0.990112   0.043855
0.988115   0.045571
0.985994   0.047308
0.983749   0.049065
0.981381   0.050842
0.978890   0.052637
0.976277   0.054451
0.973542   0.056282
0.970686   0.058129
0.967709   0.059992
0.964611   0.061869
0.961395   0.063760
0.958060   0.065663
0.954606   0.067578
0.951036   0.069503
0.947349   0.071438
0.943546   0.073382
0.939628   0.075333
0.935597   0.077291
0.931452   0.079254
0.927195   0.081221
0.922827   0.083191
0.918349   0.085164
0.913762   0.087138
0.909067   0.089111
0.904265   0.091084
0.899357   0.093053
0.894345   0.095020
0.889230   0.096982
0.884012   0.098937
0.878693   0.100886
0.873275   0.102827
0.867759   0.104759
0.862146   0.106680
0.856438   0.108589
0.850635   0.110486
0.844740   0.112369
0.838754   0.114237
0.832678   0.116089
0.826514   0.117923
0.820264   0.119739
0.813929   0.121535
0.807511   0.123311
0.801011   0.125064
0.794431   0.126795
0.787773   0.128502
0.781038   0.130184
0.774229   0.131840
0.767346   0.133469
0.760393   0.135069
0.753370   0.136641
0.746280   0.138182
0.739124   0.139692
0.731904   0.141170
0.724622   0.142615
0.717281   0.144026
0.709882   0.145402
0.702426   0.146743
0.694917   0.148047
0.687356   0.149314
0.679745   0.150542
0.672086   0.151732
0.664381   0.152882
0.656632   0.153992
0.648842   0.155060
0.641012   0.156087
0.633145   0.157071
0.625242   0.158013
0.617307   0.158911
0.609340   0.159765
0.601345   0.160574
0.593322   0.161338
0.585276   0.162057
0.577207   0.162730
0.569118   0.163356
0.561011   0.163936
0.552889   0.164469
0.544753   0.164954
0.536606   0.165392
0.528450   0.165782
0.520287   0.166125
0.512120   0.166419
0.503951   0.166665
0.495781   0.166863
0.487614   0.167012
0.479451   0.167114
0.471294   0.167167
0.463147   0.167171
0.455011   0.167128
0.446888   0.167037
0.438780   0.166898
0.430691   0.166711
0.422621   0.166477
0.414573   0.166195
0.406550   0.165867
0.398487   0.165492
0.390157   0.165046
0.381862   0.164518
0.373605   0.163908
0.365389   0.163219
0.357217   0.162450
0.349091   0.161603
0.341013   0.160679
0.332986   0.159679
0.325011   0.158605
0.317093   0.157457
0.309232   0.156239
0.301431   0.154950
0.293693   0.153592
0.286019   0.152168
0.278412   0.150678
0.270874   0.149125
0.263407   0.147510
0.256013   0.145835
0.248695   0.144102
0.241453   0.142312
0.234291   0.140468
0.227210   0.138572
0.220211   0.136625
0.213298   0.134629
0.206471   0.132587
0.199732   0.130501
0.193084   0.128373
0.186527   0.126204
0.180063   0.123998
0.173695   0.121755
0.167422   0.119479
0.161248   0.117171
0.155174   0.114834
0.149200   0.112470
0.143328   0.110081
0.137560   0.107669
0.131897   0.105237
0.126340   0.102786
0.120891   0.100319
0.115550   0.097838
0.110319   0.095345
0.105199   0.092843
0.100190   0.090333
0.095294   0.087817
0.090513   0.085299
0.085846   0.082779
0.081294   0.080261
0.076860   0.077745
0.072542   0.075234
0.068343   0.072731
0.064263   0.070236
0.060302   0.067753
0.056462   0.065282
0.052743   0.062826
0.049145   0.060387
0.045670   0.057967
0.042317   0.055566
0.039087   0.053188
0.035981   0.050834
0.032999   0.048505
0.030141   0.046203
0.027409   0.043929
0.024801   0.041686
0.022319   0.039475
0.019962   0.037296
0.017731   0.035152
0.015626   0.033044
0.013648   0.030973
0.011796   0.028940
0.010070   0.026947
0.008471   0.024994
0.006998   0.023084
0.005651   0.021216
0.004431   0.019391
0.003338   0.017612
0.002371   0.015878
0.001529   0.014190
0.000814   0.012550
0.000224   0.010957
-0.000240   0.009413
-0.000578   0.007918
-0.000792   0.006472
-0.000882   0.005076
-0.000847   0.003731
-0.000688   0.002436
-0.000405   0.001192
0.000000   0.000000
lower
0.000000   0.000000
0.000529   -0.001143
0.001181   -0.002239
0.001957   -0.003287
0.002855   -0.004288
0.003875   -0.005241
0.005016   -0.006147
0.006279   -0.007006
0.007661   -0.007819
0.009162   -0.008584
0.010782   -0.009304
0.012520   -0.009977
0.014375   -0.010605
0.016346   -0.011188
0.018432   -0.011727
0.020632   -0.012222
0.022946   -0.012674
0.025373   -0.013084
0.027911   -0.013452
0.030559   -0.013778
0.033317   -0.014065
0.036184   -0.014313
0.039157   -0.014522
0.042237   -0.014694
0.045423   -0.014830
0.048712   -0.014930
0.052104   -0.014996
0.055598   -0.015028
0.059192   -0.015029
0.062885   -0.014999
0.066677   -0.014939
0.070565   -0.014851
0.074548   -0.014735
0.078626   -0.014593
0.082796   -0.014427
0.087057   -0.014237
0.091409   -0.014026
0.095849   -0.013793
0.100377   -0.013542
0.104991   -0.013272
0.109689   -0.012986
0.114470   -0.012685
0.119332   -0.012370
0.124275   -0.012042
0.129297   -0.011704
0.134395   -0.011356
0.139570   -0.011001
0.144819   -0.010638
0.150140   -0.010271
0.155533   -0.009900
0.160996   -0.009526
0.166527   -0.009152
0.172125   -0.008778
0.177788   -0.008406
0.183515   -0.008037
0.189304   -0.007672
0.195154   -0.007314
0.201063   -0.006963
0.207030   -0.006621
0.213053   -0.006288
0.219131   -0.005967
0.225263   -0.005659
0.231446   -0.005364
0.237679   -0.005083
0.243962   -0.004820
0.250292   -0.004573
0.256668   -0.004345
0.263088   -0.004136
0.269552   -0.003948
0.276057   -0.003782
0.282602   -0.003638
0.289187   -0.003518
0.295809   -0.003422
0.302467   -0.003353
0.309159   -0.003309
0.315885   -0.003293
0.322644   -0.003305
0.329432   -0.003346
0.336251   -0.003417
0.343097   -0.003518
0.349970   -0.003650
0.356869   -0.003813
0.363792   -0.004010
0.370737   -0.004239
0.377705   -0.004501
0.384693   -0.004797
0.391700   -0.005128
0.398726   -0.005494
0.406069   -0.005885
0.413498   -0.006283
0.420945   -0.006687
0.428408   -0.007099
0.435886   -0.007517
0.443378   -0.007942
0.450881   -0.008374
0.458394   -0.008813
0.465915   -0.009259
0.473443   -0.009711
0.480976   -0.010170
0.488512   -0.010637
0.496049   -0.011109
0.503587   -0.011589
0.511123   -0.012075
0.518656   -0.012567
0.526184   -0.013065
0.533706   -0.013570
0.541219   -0.014080
0.548723   -0.014595
0.556215   -0.015116
0.563694   -0.015642
0.571159   -0.016173
0.578607   -0.016708
0.586037   -0.017248
0.593447   -0.017791
0.600837   -0.018338
0.608203   -0.018888
0.615545   -0.019441
0.622861   -0.019996
0.630149   -0.020553
0.637408   -0.021111
0.644636   -0.021671
0.651832   -0.022231
0.658993   -0.022791
0.666119   -0.023351
0.673208   -0.023910
0.680257   -0.024468
0.687266   -0.025023
0.694233   -0.025576
0.701157   -0.026126
0.708035   -0.026673
0.714867   -0.027215
0.721650   -0.027752
0.728384   -0.028284
0.735066   -0.028810
0.741695   -0.029329
0.748270   -0.029841
0.754789   -0.030344
0.761250   -0.030840
0.767653   -0.031325
0.773995   -0.031801
0.780275   -0.032267
0.786491   -0.032721
0.792643   -0.033163
0.798728   -0.033592
0.804746   -0.034008
0.810694   -0.034410
0.816572   -0.034798
0.822377   -0.035170
0.828110   -0.035525
0.833767   -0.035864
0.839348   -0.036186
0.844851   -0.036489
0.850275   -0.036773
0.855619   -0.037038
0.860882   -0.037283
0.866061   -0.037506
0.871156   -0.037709
0.876165   -0.037888
0.881088   -0.038045
0.885923   -0.038179
0.890668   -0.038288
0.895323   -0.038372
0.899886   -0.038431
0.904356   -0.038464
0.908731   -0.038471
0.913012   -0.038450
0.917196   -0.038401
0.921283   -0.038324
0.925271   -0.038219
0.929159   -0.038083
0.932947   -0.037918
0.936633   -0.037723
0.940216   -0.037496
0.943695   -0.037238
0.947069   -0.036949
0.950338   -0.036627
0.953500   -0.036273
0.956554   -0.035885
0.959500   -0.035465
0.962336   -0.035010
0.965063   -0.034522
0.967678   -0.033999
0.970182   -0.033442
0.972572   -0.032850
0.974850   -0.032223
0.977014   -0.031561
0.979063   -0.030863
0.980996   -0.030130
0.982814   -0.029361
0.984514   -0.028557
0.986098   -0.027716
0.987564   -0.026840
0.988911   -0.025927
0.990140   -0.024979
0.991249   -0.023995
0.992238   -0.022975
0.993108   -0.021920
0.993856   -0.020829
0.994484   -0.019702
1.000000   0.000000
